809522313749987358
451536437259796481
766478826716659774
774477944025382963
753363868884926535
771095902940692480
333342342239223813
829654449219174451
816358382826815500
760145391596339260
822147085943439450
760585425017503804
362373206365044736
771532697058934845
800470691861889044
693944520600977498
750776792264081460
582295560950906880
676612508525527060
740067608858198016
799760574740430883
772509709180600350
693243722351247371
812887495016448050
606017674748887050
741102032781312070
776296196074897443
785735749676040222
800969059805691925
782990498360721428
281903410821857282
815711070647746571
783456576496861204
658954318057308161
826705453899448383
471316556479987713
806021184630161418
758470671377367092
695329900604817550
779199970053193738
826223384517279754
558451359083528193
728167037725311026
699039871246925846
705153834535878657
480888525017841664
586766804446216203
764761533854384129
783066297369493564
619980353632862254
772758475402248193
716770221247037461
681572241171021824
814577607819132959
730648385249476699
630497671903182850
772977988379344976
781911821212581910
814173737829269565
681905004659081289
825420580923899905
755823665500913756
789618769122951188
592532025877987328
821629715491323905
772662739608141825
719293369289015347
747503930908606615
313086302792843277
599431933906386945
605520367670525963
822243252807401553
704627338519773215
718119901843292231
750403816184217701
557628352828014614
611735409927651358
551614377099395083
451273157945458688
636474998399434752
827902251800461332
822616641405583392
765264379712110592
797310078876647444
769130628796252170
334119246990802946
826287498094182401
766726279940538429
822359967460884481
841199311030714369
584500085556248630
843164241812783126
846145561724059670
755865302243213323
765556839378190386
815731716840751164
472911936951156740
730128927690981436
778720268977307658
712289190452396072
734482504643248178
758724018500010055
731848450374893578
398730105158893568
592891485519740939
771317541079482370
527841648051355669
746228368453795942
845736589409255465
797280001627914308
778339073805778965
546007134052024320
260120344923340803
637702206136647691
759397686524379136
798717461918515200
815102420987674634
772038827560009768
763868112915267585
774546062685241394
691968132075487263
794098943096651826
736429225040674877
770507951865331782
800869560399167499
812098843256684606
792306449224957952
277315550147772417
752994384307552277
671512112245506144
786765166833434664
817575947934105662
750839178908008479
790221351965294648
776893583126691840
668335704534679583
767438523111702590
743833808620486747
780985737373417482
776142865544773712
403094592976584706
736317446952058953
809527069939335218
751987898622017599
696573768524496957
699487289272959088
784547074494431252
802255823358918666
772928463198748683
560976365223149583
787532419561422908
541666864254812162
572720410966229003
647811626455531543
366721411173318667
696718326092660736
809047458415640678
767982228876689438
728256758371450890
390682768830627840
564246045442179082
764173252988895253
363695026024218634
789397502020419624
818021336655331359
768510482591907870
783972358959398932
810593173172650074
819813384954314782
702025857555890256
774882081385742357
660330004164640778
386275915434426369
709474572147097600
762847207774617660
764246176072728636
698000398321188914
776176089637978183
813190799696723968
779186130384977940
804799297202814977
765629692518203412
633032513207533571
560289928395882521
811030483038502912
783701633887633418
736680226695806996
687647717656231981
742630569099264030
810273751160717402
769308491092983848
812883776644317204
696278649875333140
799109181046128690
738947023830646825
751640798633787472
530103441570398208
694131020919865344
782549952202670120
793503894801743922
639160666091159554
779140314781974559
779391206698385488
771137872891609131
701675744736182272
789925839747678208
780274298832289805
805540469735161916
772249220006674452
733075291978727505
818253103123398697
801244405146583050
751360994214805514
791460792696307733
784595338916921354
741747644698722767
832282577762910209
482352607390859286
760701128190459905
492687459277340682
775425384484831292
716109058997747792
808539698699042877
783073316012818533
757824271203696700
780548484444717126
765951453298688061
594584898635956266
807704812924960769
814451549715169312
749744395015815190
747937655572135946
834603269292687390
793386412275269642
776851633014964276
775403076802576404
676151946389749760
719428988082323537
732340907751243938
710157313146617856
724150520851464253
721673413575442432
813046020086038538
715364531161006100
776840424400224277
785020922801291294
824400571405434940
580110367221481472
662677447468122142
732622475313020939
441566225877958667
762008284415918080
728260747158749274
760969968086286387
754918062473609226
786467271899611177
673545084016263189
398813436664086529
742425924657741834
725975009939423283
793844176742776832
720814546595479653
694740877385400350
726555144363311216
720775973762629717
515567770650411028
812405355137073182
810692685190922270
782903451985510461
775072693518729258
692388266791665744
760682571339268140
643601451511185409
792704700075868170
806854805129265203
772926382065582101
757364347457765418
765809401507479553
717510332850896896
708815139561930832
810225315363684402
716121678924480512
817098435336994876
611477426282692629
770692025682755595
777096731916501012
675930853108613135
726188124987850802
711765910716809258
746132380372435054
792670660140859402
528356471797317634
593818922923327538
807448717958971392
774095075638116362
774467166954979389
403059045201739776
796656705064796171
742127724042125423
760522104042160138
778508839350698035
605503940540235792
743384463521874014
675613157519130625
680180790856122454
816510909580705792
748780767215222844
571418309832998932
775508918804676639
724986070722281525
697087862893707376
738413407652544565
734909406210293791
700316624263315486
755685255566065734
698367941514756227
704349393960304641
651830529171259404
677976138039164940
540477641661349899
776537691679490100
613812724836728847
410529677166510081
622879978958094337
833347470997979146
789494827573837884
536046049542799360
698331096047157258
330372270658945025
773914847862718495
771996808733392898
782585516032917564
783255961640370196
825423018544463929
550465191817773067
751140310930948286
740398258425430107
808704219707080705
803219646840700959
791288944662413322
801539355638366209
830738926637023252
835588586409033759
736884315270545408
409488521519431680
838004644117610516
820373772136742962
839690095031353375
463204064541540353
790106375757365269
747202716182380725
815817947511259167
430081805161594910
766386578938920963
762830022855360534
606436970994073619
774096410923761675
770421932033703967
826552986071203851
772038680612962306
765088423698235422
796100764556328990
716790665211674695
749569033371779104
617250088242118667
807905028525916201
294512100837949442
688942059620663415
770731559447167067
794779580850110515
823988383474778225
786490847700320286
775795360550617110
534150319337373728
769264203084202025
817250018057912331
778591344037724161
772182235620442162
638013309249126420
776309733253840926
704076227375267890
779897798806994954
765575473567629342
775132957684924446
693232954385629284
587422400610697246
755519390765809704
577319796300054541
805828634811695134
770367439942320157
798037236682850304
412657111177101336
465851917827047427
817451932238217228
693141145458311208
707697402995277915
812563223408410684
776570941852352562
781337538374926417
580761486297661496
478095829530312706
704802341378981918
833430422067085362
802961643490770954
432624645271715852
717473406337155163
806341952609845259
754117714917982208
770977562100891668
792502124386844692
625117095507656733
704736612944445502
710952374209871966
795476196577509387
438020077883752449
837659804528148550
816466923726045214
744681727766560788
772309181239787541
770490761674227713
535227509529247745
693913030530039819
669641623918870579
754323804553085011
651190679288152105
817479653220286474
784572482266857552
812360455620132914
421708369225580556
799798754948677694
474607015973355551
770841367286513674
683091679607390209
712130189772980275
755159183963193375
763781812811595786
801572429310459945
755529060708253817
702401703797981255
756108262042238996
806207740070068224
717233387806392373
302894023306379274
835955452504047617
750663773605593179
810696558075969546
743704057234980934
777857679078195211
756625307418755133
496795974899990536
767903462595756054
705960048467247110
791712300788219938
785937605447516231
726609791174311966
770644273473257513
731828154880098396
821352394369400842
792211581001793566
834800966565363812
788681116365750293
728449182633033769
601409907669073960
536529695190155283
788559353912754186
683499715567812635
771574545509122078
826426734811021402
529104127091802132
751345457137057862
814623933315678289
802519077246468096
768076248567906314
812232067013541889
740811054216642650
724402627466625056
724208353454194738
834932780886261760
605898246711279623
500959886884995093
638580386657730573
754137453203554375
747554800165584936
818728719602286612
384029845086273538
793307694559002655
783373290751655946
794398104446697472
395939956662599682
807873191481311253
773832399712157716
719256482625093702
761593665877442591
784981500323561512
536368239014313994
805928376275566623
714754522991558727
765982454338551899
699513736666415144
780470408084062260
617941314884993044
708056615332610119
760500690191384597
701178307823140996
770116491185487873
794146019264036895
770136903810809857
779999647908888576
833249291253841942
810990644977336360
730605419151491114
711043940530520165
522629322977050626
733385760924762183
688225841586765824
177185819402960896
502263106475524096
738615416217141258
789951762365939714
711105187082928150
798888705255276555
645669625186615307
815106055997751306
785167974381780993
749803068450668645
760286708054360084
764121690564198422
777477481266937856
651316859513339954
395580061564010516
814158586376486942
685983011975462986
804066446593359883
773000045905313842
801677613822902294
741066026170450003
777486843246805014
643976997516607488
794475547853979648
786697943931420722
456641506950774787
772231420503392306
744989145817940108
663721547739168778
778749105933123586
791968585349464064
711353484959547423
733931949810253924
463900180333330443
834067267704455170
726476363082629120
843821107794804766
643868714093117465
750104042901864588
828968796151873597
814808457597288460
564916067861004299
424999358962991104
813342407457505300
688107109824725147
807823107456237588
807983526635896862
770099497639477278
831430915837132830
797542352985653278
715727597794885664
742552449059127356
771054360981012532
771130443407032341
592523608367169537
606366192164274186
726121018334117890
707946432396656671
776380465183588373
831553632759054377
319071899873181698
806018693687410700
712105128756248647
756300034487615620
680212015880339518
773816992867680266
695469159433109504
491948964732469248
838637809567793213
703360858666827876
802731107539222559
784096425427861515
719896837728764035
437367205039177759
677189099831951360
683430006495641722
824386519838097409
761306700581044255
744259223776657490
770313817573687306
640540847871361034
715394619814314104
824966189527597107
770398280021704716
810040132693917757
669711456387727375
813605921409466428
646871804073345045
808997729107050546
665956756937113610
348597008832921601
765804849097867304
440996323156819968
668724507413970964
613115400938455044
795808002044067931
770695225907085313
797894594205188096
767702516112162826
848282805431304262
543809816083300382
790927908226072586
315520644781441025
792951189221539851
759590309599772672
700145923044671568
586322331899658273
771825189636800512
758060881438441535
805604992836304896
760743367922941953
544046703251292161
648217834174021633
650834103217684511
771336382018093066
773322321929830451
816294926156300329
450926827528257537
781204162444656751
738309132205162536
837588728464932925
766767599966748704
789105977458556949
760388529905336340
804608505994149898
776308436350402610
414290234398867468
823300727135928382
738541771096719390
792484298573611019
768346006592028673
829275187366461470
471745381303058442
803142098814500905
654925372693151744
803452181642215425
646039076448894986
467018767386279966
757092528263528539
799114810037764146
745888548544053308
797997577525526559
818355329158479915
715955019144233103
828094307998761010
382617989268242432
413824540054126592
526345599717736458
729897861973803022
738238339844669492
676448193676050452
765773803371757611
454705545669246986
714076445005316127
763584291435053076
764597723458174986
731760668130279425
834843447205560331
808086750701289574
772833141353873440
769730520614436894
827864794400948254
376054562215165962
789484049042636810
778263963364098128
630132109931053067
551408676129210425
527605326740979722
776220962819276821
778502666099359785
752305515840929844
784212638128275497
786918273014169641
678130915880468491
763388534043574283
364797296883531776
796929492463517697
331160167158644739
820574146177007646
833577994617749504
814980160976846888
827153064220688414
762004481910898699
513299980753305621
810384156201582602
671031296214171698
824243278240546846
763973184986284032
792588994943909898
703014827341381652
800942057030942730
565502417353965583
716956934040977500
731112662771040356
779774715161608203
673444354085617667
759872782938275850
777331897336070184
788884565460254772
798280187879751680
826476720839983104
759836045205962825
834816532957233163
724581556638842921
815396099417702470
773222498351054858
726143873398865992
817418462174642207
630779820787367955
368696047142305802
818775156813070357
280848960170754048
770817653568307211
813586246986498079
761770268217049100
776975893104164895
779228262768967681
793707520723648533
776782984598257674
615033378735128576
792076543282118696
708303790461157407
826799236058054686
597639760730783760
789171349692219452
777955548041576468
808203412331036712
813788403459948584
550954103573053440
822607682213117972
779102302140366888
752546956861243523
778909012615495710
720108063679316248
782947414809509898
764128907531911229
617010353825644571
772534948463640616
800569400561893416
527593516067455016
756943690026451065
776727277521207298
799847840196722728
657345333394931738
769369919753158666
656533399632084994
694626316841910302
726197374350786562
573223501134168064
823225439899877427
471007223678763010
740139210597597224
785602264269848626
572529321949003776
600926518226714634
788788608622264330
352845420042518530
781108164845633576
771755842017427509
746279075823484998
714644728280514581
820130958375256115
771632452405428265
171734252923125769
725106716051636294
674433112440307733
771064683699896340
681296214330834999
661727346025299968
387763477504196608
680486525078732810
738420929452834908
760467433022291969
666450590154358814
755103174007980053
749336307104219246
495869268295155721
777961309475307561
776270134750871572
789741868086329354
504612929417510940
794753447106576405
812499129501483049
772372025775357963
419306508594053122
823781798399705109
727437369338232852
834803667042697226
805941293351698473
761008613866602518
800399293675733032
811901427769147392
465979620093853736
772330665063481345
834585728171114537
791181887061098516
759253834878156852
712703790268153948
704506744201805984
738269676970311700
728987607031349309
821256263283376149
679696240702652446
760154238058889296
551805651370639374
812786726162530376
595646200376721408
691714632917844068
769745778444337202
772633637769969704
780113606321897512
823591890896420924
696047663812182158
787686946636824596
586697168489021441
744699390836604959
500349936680828928
805563172484284516
783222556210757634
784335331784523788
562061328676814858
427513831703445506
667118207701876766
763988465536729088
659652061226467349
806163625999335444
694796920652169247
765852451378561030
428704183127113728
800142044839804929
755637829840666641
720939015984906290
684552485939052619
810755421967089674
804715302214565919
785919597911998497
582055346550472716
789161576589819914
742065053024387093
783579724340789248
561669053870243870
513411355387363328
738902879213060207
755286637914619924
771680936973565952
817434767522922536
816219501086507038
711587452606873651
754327328330350714
647615416033869856
810718229349007392
821058656878592090
798307423461965826
674033295473770523
769754630728318976
668051463544635437
684911036997959768
782982806464626748
711305756770697319
780456668378562562
773086104286134273
666734578861342729
794474791959920691
750666413773029407
760525323711807572
760292215623778306
819459959309598731
802940636310929449
761885127138738197
736980107754733608
748063711490736219
712853755032371240
806768846286880779
713830729754083438
787175839388794940
801354526778327040
771688130905505813
783781718934290513
788592468550484028
785102094242676737
641128370121342977
754596951533682738
775504801017626624
702300429761118310
815642047645089794
748567017862201474
756913005576585256
805861048749916242
760939682396635228
839644024615862313
757714891019780186
562814335294898186
462625685265973258
638882773859303464
598336372670988288
763194902120497202
596887824960192523
828835200947585025
728351712418594878
690424388583161857
613046476532088860
661214291134906388
509344480608911382
766706921394667610
786184776331296768
785968104877457459
782439857289035776
654119423187222539
282542243598958592
755950157937508479
539325209786974208
808187917267632160
721480317000744970
710699547130724402
782032248584667147
799086444600754248
680920651200069822
772581155987783680
581928707715760198
708102694379978852
775773137836572702
168506583733633025
703800707253534851
717511928687099995
799333275793358858
383022845057564682
784228557957103666
764207629513130004
769690194609045515
781117481242329099
589628952847319070
703008976417063044
720826849810317312
513194585040748575
792359527155761182
810619491771088936
525432193166606351
819753386248241192
758509064421376041
817868154251640873
556267361557151794
802639415943757856
825117506267775017
767013766877151273
761304155695874139
731723084859441197
792483515178156072
830933036203245589
785734385562943589
783737818018349076
772373856257835010
771970079440371722
765913923630661694
710636009427304519
772864033559937127
603494917536219147
321112440064573441
817046533979373608
728592021136080945
595388979801751562
661640729902448640
776086002846138438
477105922205024266
469216052790689792
498106488162746388
756250662983172206
842887554260271105
744346719172690010
785706063668183100
783819662851964988
797249507632087062
728425328275357757
689721230894432303
747280861208117328
709087461460148358
619317908958478346
803473726183571506
551379118944419870
760138075320877147
600487530827218954
799775666517966868
721303898094043167
715247695404466186
719583303031717892
762493295611478027
769761607743832096
675827105958723618
597635868085452800
626859530193731612
767245944827019294
782394210174894108
589655591035863060
322142193617731584
816681674266902531
747295573203484683
580086023137132555
702236412661202994
811211138556493825
768506951243399190
770721488701489174
802268047594225705
465645523131695137
772677700543578112
696923151761670254
719961147394097251
454535787757830144
804517944536203265
782384551984889875
477492659414368259
656908350302322756
648592641872887808
761213920542982145
533625460475559946
796389312669155389
674147445457813525
782509518688223233
738557816452939897
764510450444271636
724812300418023465
615997831794393101
375352561743429635
538642949710544896
773168675577397248
736851047322091540
710550563930243244
422577476754079754
505882038461792277
596579647181946880
766530647971069953
661018326914433035
167415205683396608
770544431064547329
770003426016231444
795751471743631440
728474181062230027
773658263912841246
783214605010075658
720059085294272535
741836363896324176
792418937065308170
764880387838574592
577339187825475595
442493292903399424
348875351369449485
626238667987484703
697558149502074941
802324248642977792
818247313382178816
806003128155635762
707709679438004246
702260350027825153
750202410215014440
812261247378391050
589495819649155084
728310760911929415
796517704731197490
778643925459664926
451191865820053516
554400963708977158
810277667823288341
828410653705633834
809039116720144394
773236794019282976
701990985479094343
762267643583135754
683459956237795347
743904046674346115
817400749008093196
594245735357349888
465644117943255051
808815811044048897
752924398704394401
718823115211276289
404655418866925569
700553390404534352
783177103365373982
821544767404900354
742830199447748742
465068152544559106
326802490899169280
778370132614447114
471461869987692554
777655726122336296
585598722163867658
697705048431525932
758380242204885103
807683817317597194
738959004377677844
826109886868881428
785777546309402634
546654742114467840
757532929608908801
817078552519901224
742523670487892070
668269143690051588
728527044710891561
472675018443194380
793367794363269161
687872100031135760
694208953843974214
708485527640342588
777603696204447794
713572240310141039
736063392309313557
771018484036403240
778553853414866944
517562123950489601
643964387492888582
751086919177207838
804583015204257803
794900096890306579
793645483155259456
717931638587260988
717780443780481105
772896453478711317
465688285356752896
753437432912805938
497225984374734848
834906773025718322
783141883710275604
790655741361913886
793674218641293323
700139338880778251
281164912179544064
473386122429464576
798218693846237235
761045898490413096
827611128707809280
587889029920456714
672636126917427210
770140614074564630
811659336669331517
809576363346100234
789780174912487426
766880358842892318
819016406246752257
774600123246182411
728634288307961887
442152431338520576
784589564043067453
684701567961661508
831294972414132224
402183670611574804
771464016526442516
499020417508311040
791554395828387911
751466676507377736
775840817054482442
706302830927151155
353328849511251968
789420530977210379
625092572951609375
655485631761350667
628774957882671132
372142007528849418
621842341766103075
836049862772129823
793989511633829919
791537794073624636
768044266282680320
841939732849360917
813831760970121319
771448774169460750
745542213836210187
618141878495215636
797752032819675147
598615519536480269
668464067232530462
801414165793210388
764597123445555230
711720288462700595
754121392684793917
747316820611956768
707343176649932832
755314592736870451
614861715468976176
644789934158512130
845657580910673951
763725566967939085
805265475604447284
742157816252596286
825500630868951070
818479113261285397
781045379612278816
571515286826647553
756970024442265631
738469374611947691
597803256575426580
823912253363191808
801964689600544788
408682699444977684
817381680469639229
703731648633765958
683854947334619224
749812869704581130
586651992533762098
841625129808953395
757357856541638777
628572780010536980
710653895445315586
770677702520471572
785584046579253319
430475456748453948
779915114970218516
777762179444244500
765268977605279756
605084074834526215
752393043092701256
714645089212825641
762461983009800202
534534847612452869
714256512155123742
537749540183474185
759552993594179594
747580437798584400
800385141646164009
567090529540505623
823674686759501845
824485383605583913
824851542242361384
710272757530624082
723101639204012035
482694642853478400
605926807824236544
531657353972416522
468281173072805889
828717528208375879
809495389287874621
716409156206067816
758662150276775947
597111006224711701
847651440193175633
767438241762639893
765717868553306112
683850356626685993
658509505260421131
554181076453687307
806667504071868416
729225879431151677
768507691114823690
810699724529074186
805281222094880820
768566936815665154
761603236721066055
630886270318542868
822477114799685653
766769274450608158
586445534139645960
782096352912998420
768724120778965013
551387253381791751
471124079047344128
780240776361017365
769774519098277968
396327550571380736
801978235306901515
786804600350965801
502966289975738389
717524950893723749
769081503875072021
681065767101399079
793722188694945802
740469929949528085
765439091860439040
754708189743808592
773956947438862366
795973525181562911
727526728439693323
698311617951170562
464509133752762378
722594038045474878
797968455193591810
817078043079475232
805945846881321033
690711969845477425
801912887455121469
817632988539518977
720366630844104795
823266977853734932
779377712397680650
769432174046740501
817166931290750987
783815960888999938
779292794388217876
733136184754176060
771381661971382303
747066841666551868
804828308491468830
768657353183854613
805813272774574081
290170361713262593
688575075753918464
834029214755848252
219513040226353153
470094467903258645
825910804095434763
782802129181474886
835058327011590145
761715466846208070
742723000775737374
775617451731451904
755149841356816406
811463429596512326
792735962807140362
778512217296601088
790043261619929088
749390619310555196
239116015462514698
768681385078554654
806327521335181354
683094339018031131
778158046136238081
714557993970171908
615574341559648256
756628403721076797
793925620693729310
697883959106732163
844769516499763201
823803994282524682
773011256050581534
731071798694903819
564787424270483456
617389425747296277
643098816727220227
770112336287105055
758069461839380541
509128254251073547
690668052672413807
792531778249424937
470740072229109790
755698017486766101
562139867723857922
816869994133979148
667784059249754141
785291502489305119
706652337917394955
538402650841153576
770603283727384596
816875415263772692
454693571379855390
701389302113763398
707370506084548618
792035024752869397
734301903063875645
769619701038579792
784616853174616084
753288881734025216
823971150291533884
792043388593111070
805323032385552441
776831809869971456
794338731430903848
173383198552752129
787959166714118174
769215866310754344
638128737224884228
781767519992152084
793232532853489724
498159292239708192
793688910257586188
527949797303386120
721688713616425010
671071612438577163
759453230341685288
636430070466215948
543598336712769557
827267108722311198
757107488754499615
770820788293992448
707966817678786640
759210608192782376
783031975564673064
356069318636732416
645058750235017251
740141323255939073
799064347409776681
789950568646836296
459882439028899841
682796799949668482
789108768956743710
817073391550070814
663517444257742849
837752283449655336
266450720222478337
731965517312688198
800453186447081482
569634122277060641
712672984698978384
784792101262065714
800399948835323935
822332072068513802
773488129880490005
513166401150779406
832770538501046292
833222478922776627
673027280595058688
408102618368442370
761777538938044457
775420695181131879
814830780169060362
784026758004998175
714976095518064762
748291626870243459
789560051869679647
819987555264757813
767413390342619136
833871191851925535
691211830013591562
771829181079093259
732771487957647392
798319316096516106
770250134121611315
728731849702244394
734078405464686606
792924629445902378
788506932230094868
353663853520879626
825536785563254854
810282341195972621
758508433782734889
572559435138990100
750297834317938758
839402773715746816
756325596782395482
731222300203941908
783458756477321226
808246465671462952
762345800344403968
731724553440460861
427280763067695115
807004507472789524
765398870204481546
810546532537073725
714671481900236861
695078833304371260
803922804096630805
716386866491818055
769549913485737994
660060598238969866
748061183470469180
760298715528298507
697624311992942713
463873811448725514
672241147602534403
817213691941748777
691875127419338813
768969519216721951
809831098053689406
645834312364720138
705839972292362241
749100175296954429
776398125853573150
823019765718188062
712388022183657553
626835533766590469
762170374582435890
829723487588581428
776283444132315136
769738811642216450
789251048887681074
777680574763499540
815817222747979778
754576700490383380
209873626399375360
771612172370706433
752205579908284467
484720968229715968
777620210705236008
777299421057908747
541791917776699394
668487845895208960
820052194366980137
773742121562931231
633007925320876042
780633984606011392
820787247665643601
779792764765339698
808938824754659368
487368311286267905
742928911922626560
775068608250118154
811288042689265694
558676333538967554
715366686697717851
817259527023362069
792460662432595988
718332801153368066
811001053935304725
426031286319054848
661300709945245736
663006131282509855
697144417512849538
816041695724175401
558095990427746304
794781669743788033
702125830444286032
768666739226574900
774617552093315072
314853932792938497
766543975590264853
803320528013361173
698272812808405072
561684153582616586
818858546832867388
787843202957967390
585792292712087553
503631833968148490
704636415136366652
760568871811416085
770336990209769504
261959241772957708
628747015173439509
753968997699026945
652298644212678679
771483395833987103
766539358550753340
710502716958572636
230105690377682945
772965805590577205
257911023158165504
844647647088476222
811855677328588830
579340791839719589
822662739302023198
763181458261016616
748529981008773170
742057732882038836
768982072693882900
600072800404766766
659321955450617868
543813346517057536
718282195692683386
709065110651404310
235088799074484224
753784014380335224
780243910970572800
771559385490915348
409089997317079041
709993111727767645
785505173719220224
817014228602191882
776926663031914616
770461746011176981
809535789259948092
707675566265991250
363431131443625985
730306246267371550
804787052620021880
701425576099184701
751147891719929966
642937850878230537
782550502482378782
721306476504809483
770817669292752929
709119734507110482
833557719436361728
611219177922887692
822545162587602962
784979473241210890
646121709228785669
730668182314024982
736434839624089720
744389189868453909
622261705661087744
694932355780968548
817444840912322582
598818507433705506
627897076742750239
656297727553962043
773140772790861824
817038758862913548
633004496397533216
259888641160118272
723590214588563539
720432021054161018
659828166088458250
781040562013863936
587614136163106836
768691873081458700
791639082609672192
773093350491291649
477168188170174486
757334715605712998
763509606236028939
711050985627189309
736321065155952661
656580919519346711
768849902435303434
779925425086398514
824433110099034122
640584329491120129
787187541299822632
500508564020920343
832695914984243201
813522056108179487
595053983106859020
754560563681558628
825850430515839008
624897798067716097
539191888603906078
565195288399183872
759282324440350730
746916136188379158
770420940290523146
711071663395045436
714714117759303692
774551441300783134
809872266581377044
802498786675916840
528133632389414912
591708216652595202
766842476899205131
571929403421098012
592897243506540554
701963622766739497
818240183648256030
775057330723225668
772857935020949566
692407625895116852
743724650348937287
807684812495913021
708396372012826697
422990353109614594
819744172801130506
796727813897060382
804195634184847380
710985934832664677
600039735175413795
772189643835703330
705414300411363419
811209819792343042
146149019545108480
726828904412872787
760983212847530014
771471463408336917
694398914425520168
789191305514844181
722679692284657665
728085925610913802
812152005367169104
640030959781281803
207915528113750016
769478960325066762
724087399361019915
665588219059896330
535123454253596686
802662272123797596
529057411974168576
732282709354872873
778785369142591498
788576647749566484
718131929811255356
211208713212657664
512655979763204097
712781796596514817
808120172078170123
563358460687810562
773255937074528317
780976796568911904
755651939735437332
803821382408208384
799616221494509579
825028689346822204
736232903075299460
787806474403446834
728589455157362809
779387869487693835
761971751948910592
547253813300428830
816016946507939861
477832480892649472
371352221830610954
745078425961758795
703948215946313798
789331545323995158
750926638719565904
711972488426291264
768446629874237480
783494422343319562
833795868137095200
411590179049177107
702980800404258897
802670742171811911
760972027292024912
770983043313303583
564900293700223008
816679455581405255
528216880729817089
770207087510290452
789828308421312512
832789129199747112
536561590762340375
735539104200261763
766409570913484840
792987725031538699
759988454053380097
518491520534446095
804015790072004678
559708556572622848
659793326085767178
774518482863128606
763883586881323018
823669733244796969
587016666060292158
756579678654824578
735194649186140221
779416888526372884
702019644323528785
800835990997565461
723208117919154296
752328813966262362
691841102457733170
762534011486076938
756798161082908722
689506300014493717
793307716969824276
530958980063952946
723458688450560012
834534714722222090
590170984003272705
739682952501264496
735600214664282133
548550227167019028
816354156532203530
771562025419538433
811187808135675904
637043404328402964
199515437606633482
513563854081622016
808604715495325697
771516073857908737
655271750032031764
816156762000064552
833734570850517092
720118808911544332
674542326273540098
747847249232396308
753368256567574590
582253719161405490
356268235697553409
759129391036235816
737146977690845257
765556837969297429
803367029003780128
756686435897049149
724371305285288066
804803352264572960
646490796077482005
646514010853998631
836365897148661781
752439752904671323
573324642895265792
693202430665555999
709996038693322803
791749290036428811
692837695248138382
813300203146838076
698723692946915329
569300524856508437
279080801155547136
781430655090688020
216016393592635392
716870790750011443
610447014735642635
730636011540971602
599750797429047298
779878694469500949
793653468241985546
790821091005300756
534760849630298123
692991634333499433
760540996362043394
751231606420799608
762145243440218133
530319978638082069
762406170182025236
762835239298662430
713409235848921141
740423238550814802
391522909941923840
772093302861594644
838522416580788244
763828019609206834
529267898913521664
754145910547677307
822779158664183808
481621721347129354
367073532007415810
708026194725044285
722591591805485186
581982511089844224
740919594105176165
750675157982642206
783283001827000320
638904142709915649
717742196127694909
809934529979875340
684909974727819337
734387565846593576
814464067632234517
553686699826479114
728405584898031638
709522639215132683
799870780996583434
727042167104602183
466478642340298763
717725194516430850
816758854284869672
695638987666096240
819408913710448663
718310473119957023
521283882251845632
829900392421916692
713143087156953129
523629150049665035
786674606580170812
661049350184501252
526074254832173056
823643667956760597
748032248212750419
820026933998911548
601178324563394591
765402851022602240
747713156834525294
270273128691662849
788194556311109653
734525198270857319
749603445606187038
794001029510987786
712916020578484305
770264178240913448
618963167137103873
543213464680661003
806713984064421900
789250825687138365
763440044005392415
433019472425517057
699364193941323837
426941122422505473
758178838802202664
493716749342998541
789291477255192586
704159922740396132
747445861809651792
834935538048827412
778330310856933486
817601014307094568
757422782442373192
343535075821879306
787313006748368936
750849978775109643
736122815916408846
800505759225217076
796967039603703848
802398940384854046
294882584201003009
731535188655341670
753838458992197672
762887409326489600
741660687797059675
631777784351424523
692495053490225253
516272804488937473
742067909899190324
477305965645922315
746430020821450902
822185475485597696
735333783053795379
774767502760607775
725663040334200883
725186904127176834
717132796308750357
514908529975623691
637477180313436160
822967648664813578
388138878487494659
720554507427381300
817729658178633778
695786943992037448
694990037267382282
829367044625137745
525753232857759746
782074270520049745
771578791469383680
788616454227492875
760473749773352970
761919207813545986
808322624279019541
681029093671567370
787016393220161536
574622734680588304
740624946551718054
780219903281594419
736820949034467408
784821563194343455
253383388327575554
811723921098276944
747154892652675145
772596165656051723
797660296969846814
728386092348473456
823330913479163954
815641771546902548
695135401458794507
813802281891528758
731773765683511316
777022556007432204
722579135490424854
817332065540112435
721879641257803837
678020100842061834
745877371449507862
619228671298895892
770280742592708668
771377605127438348
767312039344865290
762748364704972811
722608439158636604
398653593189875733
796240352667107338
593917942652076085
808899271989657620
771979802982350878
799899120776380467
783140290793701376
524354421270904850
817559287009378304
709243437425229834
768626844932636683
725023301889425498
521224524335939594
780205430772334662
639320166265651200
634082625212121098
803620996472504340
544175247218180096
740398286816542740
721226393798705193
751656880421601673
811077386081796168
768037554721128458
411502022400016384
798589355589238824
564350368549437441
817102131567525938
488413400691376128
793363317585608716
720629655035576392
784135326926635058
775504470171189278
538002577116233736
818431544468439081
807094400093126657
784962973206052885
414253330169069569
791778290113314896
762364874331652096
629860404587397133
466669164275302420
457194432249462794
730388884789133343
787463283530792991
828456390514442301
742441208554586163
759125578166829056
555145859159949359
701178309781880832
762356332866175006
757814069314191480
534565946912669720
748741047261200424
779529923333193749
703494011792392202
472907491051700246
813496954796900443
724847534169784321
759104263603093517
827707808731889709
715729843941015583
810336383113101363
652905628590669865
535563173563072522
595801548714541218
766837170609979443
717433376578994218
783863777031880724
744265553253892187
790482900642431036
329750790392512513
766036100434624512
775273415216201740
806174889170042950
790063617714290730
723969216390234112
850141591972872193
694885010309906454
825052910974140416
785240369343758360
766446962962333718
357227752904065024
755100034982477895
700324645639028768
537061679725281300
664252825785860149
411412361526902786
234417622853222410
826119016346550282
603281531091550210
700717648023126036
797188955267268639
792255853457309708
806919802714062928
816667999842729996
821087980235128834
708158069535801435
771867598186479646
769951024538189893
767615678169350145
707820037083365447
769773263970369557
807734004627406879
785887347248988211
716829760596213862
714947554768453703
442416860936536065
717182326987030598
726322225430396940
787361550364049489
298944157421142026
768458799366799381
773218417795924009
691446900033060905
680503738439303200
793569940375470120
747006372629184602
711884746568761384
776270565664882710
772146810373406740
779724940010061856
771925345167343628
777295715189784586
825874528651051029
821821751834574878
781493054460526612
699004758395977748
795912372190707712
772896747147362314
428346082628599830
798362562433253399
801898601508110406
725460978841419836
747938535029342248
807468667729215498
780700583896023041
460174727286226949
696037010070175816
803318712773378089
798207918033600539
771241129600876549
780853419778506793
712361491579273319
776811076808343632
823286718597038140
724691361223278643
795353812210417722
587578606717239296
771935360959512580
800634226222825512
804017723997945878
593505329179000862
770329527606837298
755161427953713162
830310545608540201
488472878749319169
803315289428852737
640791333656723468
722130980411932682
784454923735269416
681037463388422223
824659203935043694
815287747584983112
783114568528166922
744836346916372503
802051805919445074
756593190068551836
754708709002969139
784619059635421194
774314471870562324
394395780204462082
457800077197705240
756984578068971610
736762498371289119
807880323455123517
822643575967055902
780489479101874196
815998975710593034
794911168690257930
803887920477110283
808647253861728256
763252409526910997
516840805038555142
670817932229476424
410179138335539202
798284010701979710
445621594384105479
771567240402173975
665254712328716288
766447905619443732
794783937485602877
778388377933447238
771100437356347424
696560224064110603
758323617795670068
799313037240434718
817129210031374407
803258061724581929
735134125941325845
794441271060987904
770503202508242964
576978928254582790
819076468478574640
667943958969843714
770240476364013588
711582188692308019
769865000813985804
793971232504021024
795703436460032091
732284763154677771
839694893273317388
772809166803959828
769617279263965205
665619290434568192
780963839918211143
766887738946355213
812986132643315735
567031181162577931
767842576891772930
711399159541923902
757555989116354621
726504271155298435
779321293836648508
662402959849685002
755508777427533848
736910684826239027
816912258424111128
729614965325168700
817385368478416937
768022862883717150
636680748975521811
413135382121545749
447060713299509248
734579396635263027
658016634966900747
817308547628531722
564944390821380122
596962900422295602
807527971035414558
811728221547528194
785179077395873834
606228328743043147
732709005545308220
792648798618648577
754755069169369096
464615046375407617
822180455020888086
820685529116180543
783158550088253470
765847141242503180
698989643290378252
810106104163467282
689431986468683787
734027963758280714
739692340142276639
833820694285910028
742578272688275467
691469880649842730
680666254096465931
829735256017600533
701847203182018581
462246124166840330
552721932517376026
722773608728100934
756213714511724584
667443498454220821
743347237530238987
822635557871681577
774241722347683840
762425836720357386
681025612642779197
769736594231656483
330445576116371456
704881077042413618
770779899048755250
740553387271127071
585230778443759627
780121173526052935
429825667576627200
822876379648360459
722665105942118480
802397693313286187
737395331095855165
771512769844871210
663283892253491212
764329476284481536
706235354017169458
829931569719541790
796418761196175361
680532147504939025
444946468227383319
687736663769874469
358951413977710594
708319227530182738
761863774885117983
631507851730223124
624022770719653937
799789492486930462
688462329100501040
726104416733757501
727982505168470182
712325695648563251
807344500472676353
474009865346613258
680409225309978637
252170125178830849
609224258802941972
778644963973005312
656176215027220481
785506647829250078
801941421674332191
718882070780313722
752635230296342559
749236295385088061
703854767943712808
800071876146888746
749138211598761985
741062280749383833
759465593044336682
687760804963287051
817007007230853130
545405645784875009
714419747411984486
734135827168362496
441028509423370251
801953293777633344
817489557829713982
718942526458822707
776924328968323103
621724613834965013
790617613569884170
694799131054702642
810721046176333845
766276568057905152
672931101005840413
263067744931414016
695364683334549504
668661947578843137
566299581692903426
778545955627991050
784191106992308255
596784134441926657
806358957773553695
647562269412163586
720630630886670477
545407780706844692
808552425823666197
686030809354076321
794947346635030528
812366413850738768
690175883385765892
777048156906586118
788334157221986324
247283454440374274
664557641070149642
824757963423219752
653938999420911636
773080769689681923
774748902540312667
786328572884156466
789680470564405279
781240987368423434
772708008056455168
604525944597643274
817175428078633020
623676316851372053
787403362302689331
813114897105158214
650466555062255623
830646324708769833
638578429410672650
560607543311990806
564181452460261417
778790665806807042
775135898236354562
767190337411219477
794273277722755104
814019847004356629
792197261126926337
772036357202640937
771961795547889665
743135607697571880
804008962516451368
816410912721993759
529588844857917440
803645591837999165
419608325974392843
816668084634517504
712461414983532706
740964926218305636
815710762189324338
802595888534650900
711630077212753930
742443584397115402
771501700330029097
777402739541671956
765666715862171721
712884527088795700
701785218817982554
490336387825139712
764055630913863710
772139456516980756
622952090620133387
751606799844507769
803067918358282270
771812435174490133
835386336789790729
766522494571905034
775470757391237153
708128857223594024
762726941790830633
734829371310735498
750975388930277398
817714534197886986
715291084842074315
790118065630478337
764728974332395550
720351927581278219
769354160054599690
815082409996582933
713747567598502001
728647911709081831
539870833607311361
612209815086694400
773365749133475870
454981270339059742
770235116478791710
439708302121631749
773970800491102288
825760461877411860
700193484484902942
772219874989965342
670021585893064705
817275847383449610
831590795571494944
712540337062674452
748249831671333009
787107314359336970
799485303370678292
803690840257855551
779944973901496350
780993014319153164
812011377581228062
742354708399783997
521492224479985666
392810532308123648
743893636432920667
695980300609781771
797431342609465354
783277820679553054
764036185013878804
711736894618075228
709964115006717972
649765612544983060
747356971019141150
435357354670686209
528129535385010176
815507183592407071
771076633225723945
458904843835146241
771935357616390184
813551892399259668
747953505117011981
340791772856713216
569169878200877056
772737845265432616
498615931388559362
817034202440007700
771287256840273921
777960962514616351
743897453454950400
775610414167490600
693169087785992204
318774967476944896
834806301509943367
776135370681090060
712883612353167392
794075010280062976
772083363673931787
810070139793571862
803859599819669566
554388019575128074
620640462482571267
616992122503168000
779259944230846465
795374837270577212
748348184895553578
545085607484063765
390614181943967756
713809736428028016
649744439757111296
718288799141986355
770692454373916723
769797400092344341
738137053539074120
717074455561764865
787766457945030676
418962196647772180
495735617846640671
822372015897182238
804005308082683964
653794053602672695
779629755200569355
768504653989543986
764912629666938920
763437934871052288
804523171411001374
720507278066712657
612877127519567872
726210396356083802
486298284651053066
695019150845935727
780819512110219294
387033905229725697
767143531562663987
673189125372903434
455932021060009997
772696320757596160
757517955729850460
816170752537657354
798270534924238899
801043753552314378
771879180307529738
726980880744316968
813925645049790494
800716262359564290
694156109866467329
815466067911508009
811472381280256010
649954810648592407
813077377579876383
552875672285085696
819209888331988993
580147988018495488
822315826618695710
508819019302961162
736085809480073218
672754052374986753
705154609358045185
824876700675604511
699768000848330824
728317423228420107
819646127698870273
709211428120428546
694565141957705838
714200473049104414
801734609767366656
660970486125297673
752917409849016466
811057073201741875
757676311975166084
771969377129463839
811892271594078249
811592482432745483
816793483816992819
684862197544779793
770061893125406750
764524927952355421
765062229393145916
714228009472884747
728169591896801390
690997638400573521
767148414022320129
353419529004515328
267834996775976970
833389618824478851